57 1
0 4436 -2856 1066 -269 2686 1895 -4291 -4191 1667 -1532 2533 816 1374 4196 -3315 1827 -1436 3060 4166 -4419 2563 -2987 4176 -1093 -899 2391 -3644 1195 -4022 3438 950 -2282 -1940 2624 -518 -3872 -3493 -1872 -3571 -302 -4084 -3027 -976 2488 -3652 2066 1581 -2893 577 2552 1444 1980 3905 -1197 3881 3410 
4436 0 -2514 2113 -3957 3890 -2536 1465 1122 -1792 -4907 472 4369 -619 -4774 -2550 630 3158 1689 -100 3492 3468 3227 -1148 4352 -3578 -2837 -1694 3703 2079 -3007 -945 -1718 0 4330 708 1497 -4567 4287 -454 -2910 330 -2135 -1756 -232 2523 283 3453 -3887 -1766 1109 1093 769 1255 3069 831 1381 
-2856 -2514 0 3460 -1519 2593 309 -2621 -547 -421 1300 -1541 803 4006 -1353 852 4051 -51 4241 -2629 -3732 796 -333 -3140 -3925 -4716 -2319 1681 2499 982 -1920 2588 -1712 3284 1551 -2845 3178 -937 3045 -4684 -3842 -712 -4853 2102 -2089 1814 -781 -2702 1406 1964 -996 957 2892 -4849 143 -415 3762 
1066 2113 3460 0 2366 1172 -4974 -3561 2128 -2190 2433 -478 2273 -378 2764 -2636 0 3633 -44 -4537 -2711 -117 4136 -3946 2371 -2879 -4353 601 2781 4321 -667 -2348 534 1396 718 2264 2639 1174 -1440 -2061 2375 -1138 -3845 -1034 362 -1003 -3144 1010 -3612 -2055 -4638 2330 2073 1058 -1177 2172 3318 
-269 -3957 -1519 2366 0 -1868 -2869 0 2345 1808 -2757 -3496 -1210 -1076 -1744 -2926 -3431 1755 2293 -745 -2172 -2016 2501 2308 -4890 1729 4138 -1591 -4025 -1067 3593 -2077 -4349 2081 290 1889 3876 2008 -1957 274 780 2772 -4229 -1577 -1822 2251 -1105 -687 -4764 736 4126 2757 -1926 -3789 -636 -3396 169 
2686 3890 2593 1172 -1868 0 -686 923 -4402 -2451 -4552 -3381 1387 -2459 -786 -2788 867 -2112 231 1047 -602 1604 1285 4073 141 -111 989 4044 -4582 -1728 95 -4483 1948 -1154 -821 -3477 2875 -4145 -2572 1535 -981 2814 -4130 -29 -4396 1928 -4157 -1628 1329 -1999 -2646 4384 -347 -2609 1935 -1644 3573 
1895 -2536 309 -4974 -2869 -686 0 -1294 2452 -832 -4946 -3645 4123 -728 2981 900 641 2090 4254 -3451 1711 -962 -2395 -1975 -1740 267 3301 -3458 341 4082 4288 1691 -4009 -915 1757 4214 974 -1558 3733 -4460 3271 1097 -2445 4427 1861 -1952 0 -2478 -4430 -2026 -1191 1572 -3806 -2100 -1785 65 -3522 
-4291 1465 -2621 -3561 0 923 -1294 0 732 591 -2980 -2966 2050 0 -529 3636 -2116 -4645 785 -1488 -738 4027 -2196 3952 2940 1035 -3618 1594 -4245 -4410 -2356 -3405 3367 595 -64 4018 1848 2166 3756 2207 -1833 3903 4110 4453 2318 -1671 -2896 -3533 2838 669 -3908 269 -4823 4412 2611 4150 -215 
-4191 1122 -547 2128 2345 -4402 2452 732 0 -1325 2580 -4201 -1008 -2577 0 1280 0 -4690 3865 2722 -2303 1659 -3999 -3966 2994 -3825 -2217 -4390 -2733 -344 -2147 355 2528 423 -660 -2708 4377 -2335 -1367 -1343 1705 -285 -574 2748 -4095 3646 -1048 203 4315 -2795 -4300 -1632 -1389 4461 1567 -1749 -2122 
1667 -1792 -421 -2190 1808 -2451 -832 591 -1325 0 -2353 3020 -6 4183 -1501 -23 -4621 3680 -1372 -3993 3917 -4756 1206 -225 -466 -1291 2537 1724 462 2929 -565 -3909 -3974 4442 -1656 -4900 2351 -791 -3671 -1566 2300 -3176 -1649 3947 4324 -1512 648 -3206 2422 1922 -4616 23 521 3102 -1165 2001 -4068 
-1532 -4907 1300 2433 -2757 -4552 -4946 -2980 2580 -2353 0 2661 3136 3823 4337 -1965 -1330 -2976 -3899 -3403 -4367 -698 -4270 4202 -145 411 2434 -3193 -4163 762 3443 -4784 3095 2911 -3739 -1484 1833 3682 -1423 -3102 638 -2781 -2105 -80 3927 -2241 11 2696 961 1395 -1661 -3259 2227 -2406 3309 -1380 3641 
2533 472 -1541 -478 -3496 -3381 -3645 -2966 -4201 3020 2661 0 3535 2825 -3363 2119 -3107 0 776 -4802 -3894 3080 0 -1735 351 1050 -1314 -3549 200 -2429 -568 -2693 2095 -4374 3424 2811 1520 564 -1444 -2873 -3162 -2560 -370 -2686 -4413 -1595 2820 -3772 -3955 3418 -4735 8 -2585 3747 -135 -1359 -1190 
816 4369 803 2273 -1210 1387 4123 2050 -1008 -6 3136 3535 0 -313 4358 -3232 -969 2962 3290 1634 -4681 -4342 -1215 482 1612 -3296 85 -4958 2281 2023 -386 -941 552 -2211 2802 2044 302 -3700 4204 -1992 1609 -2339 -3461 -1182 -1233 -4806 -1417 2799 -4210 2979 845 -4521 1792 -3742 -2467 -4493 2739 
1374 -619 4006 -378 -1076 -2459 -728 0 -2577 4183 3823 2825 -313 0 -2817 -2287 895 -1257 3174 1086 -4787 2034 4107 3552 -966 -2228 3113 2259 -1686 1511 3844 2741 2056 2019 -4477 -2716 -951 -2239 -4912 -4934 -3680 -4668 -2050 -4738 -3527 3330 3827 -799 -4839 496 -1088 1775 426 -4746 -4547 2674 -2129 
4196 -4774 -1353 2764 -1744 -786 2981 -529 0 -1501 4337 -3363 4358 -2817 0 672 -673 3400 -435 -4752 -1282 -4769 1142 3619 -3048 -1320 4115 1062 2201 -4141 0 -1336 -2399 -184 -1158 -2176 -4321 3542 -865 -3083 -505 3749 1244 -2295 3165 1265 -2850 1582 3719 1676 -4203 -2952 -3392 3851 -2543 1645 -2469 
-3315 -2550 852 -2636 -2926 -2788 900 3636 1280 -23 -1965 2119 -3232 -2287 672 0 -3023 -4528 -3126 -1121 75 -1813 -4695 2485 -3808 -2289 -816 454 1526 2969 -4558 -929 -2524 -700 1637 3233 -846 -3935 -200 0 701 2510 107 -1878 1498 2401 -4609 -304 -3664 -172 -4453 -4991 1079 3962 -3340 180 -1046 
1827 630 4051 0 -3431 867 641 -2116 0 -4621 -1330 -3107 -969 895 -673 -3023 0 -3438 1442 -3814 2231 -3421 -255 -2748 -4978 2867 3563 -3514 -3354 -1302 2935 234 -2557 -911 -2022 -1278 385 430 1993 -490 -2521 2030 -750 494 -880 2787 -3540 0 -3694 994 757 2601 -2436 -2504 -4673 -3300 -2598 
-1436 3158 -51 3633 1755 -2112 2090 -4645 -4690 3680 -2976 0 2962 -1257 3400 -4528 -3438 0 -500 795 -1505 156 -2593 3005 -1582 3207 1022 -3758 4146 1203 -3283 -894 -3014 1908 1428 -624 2002 -596 -2510 -679 242 3528 2577 -2605 3978 1545 2631 937 -1109 4035 -4947 2646 915 -4150 35 -3017 4003 
3060 1689 4241 -44 2293 231 4254 785 3865 -1372 -3899 776 3290 3174 -435 -3126 1442 -500 0 -1829 4424 1747 842 2636 1661 -1310 0 -2151 929 -4116 -2254 -321 2559 -3262 2448 -4058 -105 2267 4100 -170 -542 -2997 -3862 -1848 -3876 3026 1485 397 -2567 2214 4390 -4187 3709 3504 -867 -2417 -3165 
4166 -100 -2629 -4537 -745 1047 -3451 -1488 2722 -3993 -3403 -4802 1634 1086 -4752 -1121 -3814 795 -1829 0 2162 -2664 3780 -2181 -190 3011 -1239 -988 -473 370 -1724 834 -4499 3075 438 -1852 -1573 -446 1015 -1204 1151 -2722 0 -4093 -1 4061 -808 -3504 3254 -4468 1369 -4332 0 -3329 2416 48 3697 
-4419 3492 -3732 -2711 -2172 -602 1711 -738 -2303 3917 -4367 -3894 -4681 -4787 -1282 75 2231 -1505 4424 2162 0 -3975 4222 -857 822 2669 -2739 3036 -1425 392 -4858 1158 1334 3974 1816 -2834 20 3774 2336 -4051 32 -3582 -3361 4303 -4592 -3983 3661 -4119 368 -4877 1733 -244 -84 980 -4722 -2274 -33 
2563 3468 796 -117 -2016 1604 -962 4027 1659 -4756 -698 3080 -4342 2034 -4769 -1813 -3421 156 1747 -2664 -3975 0 585 1528 1235 2409 -1385 -3346 -4030 4238 1628 884 -4604 -423 -2675 3838 -352 3370 3943 -3486 2944 1181 -2679 2218 3895 -2864 2478 3612 -2310 2186 -3151 693 -3930 -3507 2197 1881 -3797 
-2987 3227 -333 4136 2501 1285 -2395 -2196 -3999 1206 -4270 0 -1215 4107 1142 -4695 -255 -2593 842 3780 4222 585 0 -2068 -1942 -2160 2126 401 1291 4277 -1808 -1461 -3715 2918 123 -4652 944 442 -3269 3457 -2361 -1493 -4936 3257 -4167 2856 -134 -2326 -3181 -3658 4039 -558 -405 -280 2989 -3681 -2372 
4176 -1148 -3140 -3946 2308 4073 -1975 3952 -3966 -225 4202 -1735 482 3552 3619 2485 -2748 3005 2636 -2181 -857 1528 -2068 0 0 0 3833 558 1845 2043 2244 -2412 -2443 1167 -4634 4307 1132 -2756 334 1294 2763 -754 3579 -3219 2304 -205 316 -3706 -2994 -4463 -3688 2142 -718 -610 751 2653 1701 
-1093 4352 -3925 2371 -4890 141 -1740 2940 2994 -466 -145 351 1612 -966 -3048 -3808 -4978 -1582 1661 -190 822 1235 -1942 0 0 -2262 -4037 -3591 2152 -2091 -4702 -2375 -2199 -3215 4396 3047 -2616 1316 -4183 2716 3032 -2884 1421 -404 -1802 -2081 3625 -4578 3358 3414 2835 1455 -1977 2956 -4312 -1099 -606 
-899 -3578 -4716 -2879 1729 -111 267 1035 -3825 -1291 411 1050 -3296 -2228 -1320 -2289 2867 3207 -1310 3011 2669 2409 -2160 0 -2262 0 295 -3373 887 4272 1491 1772 813 3559 -2906 -4223 -1695 3191 -3375 1354 1041 4382 -126 -3445 -3184 2887 682 4087 1902 -3770 -838 211 3813 2474 -3724 -368 -2931 
2391 -2837 -2319 -4353 4138 989 3301 -3618 -2217 2537 2434 -1314 85 3113 4115 -816 3563 1022 0 -1239 -2739 -1385 2126 3833 -4037 295 0 -1548 -4340 1557 -4107 -4012 -2482 -646 2289 -4708 -1400 -15 -1118 1145 516 -768 -4927 -2765 -1609 -1907 3143 -3849 -1253 -4326 3353 -1013 412 1592 -1931 2394 3508 
-3644 -1694 1681 601 -1591 4044 -3458 1594 -4390 1724 -3193 -3549 -4958 2259 1062 454 -3514 -3758 -2151 -988 3036 -3346 401 558 -3591 -3373 -1548 0 -3588 -1167 219 -4074 90 2357 3089 -3307 3600 3220 -88 -1601 -3134 -3720 542 165 3109 -2008 3484 1834 324 2239 4296 726 -1677 59 1029 -3940 3516 
1195 3703 2499 2781 -4025 -4582 341 -4245 -2733 462 -4163 200 2281 -1686 2201 1526 -3354 4146 929 -473 -1425 -4030 1291 1845 2152 887 -4340 -3588 0 747 -4793 4059 -1612 3609 871 1473 2467 -1667 2953 2109 -908 3430 1853 3739 3476 -1453 -3065 3671 -1225 -147 -3555 1270 -1555 -828 2321 -3290 4267 
-4022 2079 982 4321 -1067 -1728 4082 -4410 -344 2929 762 -2429 2023 1511 -4141 2969 -1302 1203 -4116 370 392 4238 4277 2043 -2091 4272 1557 -1167 747 0 -4871 -360 1247 -4253 2139 -1349 856 -3836 -3883 -1986 -656 1218 3991 2384 1215 -4654 -1053 -2656 185 1226 657 1233 608 2177 -4922 132 2788 
3438 -3007 -1920 -667 3593 95 4288 -2356 -2147 -565 3443 -568 -386 3844 0 -4558 2935 -3283 -2254 -1724 -4858 1628 -1808 2244 -4702 1491 -4107 219 -4793 -4871 0 507 -3210 -72 -580 104 -874 -3751 1475 2883 -1767 -3468 676 3350 -4434 1322 1417 -3278 4187 -434 -1271 -3056 -705 2713 -551 618 -4662 
950 -945 2588 -2348 -2077 -4483 1691 -3405 355 -3909 -4784 -2693 -941 2741 -1336 -929 234 -894 -321 834 1158 884 -1461 -2412 -2375 1772 -4012 -4074 4059 -360 507 0 -4866 1364 -1774 -1407 -2210 -4385 -3227 -387 -1471 -3309 4161 2707 -11 -4959 3500 1345 3934 0 258 -3253 -2048 -2651 -1705 -3122 -1537 
-2282 -1718 -1712 534 -4349 1948 -4009 3367 2528 -3974 3095 2095 552 2056 -2399 -2524 -2557 -3014 2559 -4499 1334 -4604 -3715 -2443 -2199 813 -2482 90 -1612 1247 -3210 -4866 0 112 -3474 3218 -4886 1947 -3988 -2385 2842 248 -4294 658 1107 1459 878 -639 1987 3087 -2816 -3069 -4377 -448 -730 -3246 3200 
-1940 0 3284 1396 2081 -1154 -915 595 423 4442 2911 -4374 -2211 2019 -184 -700 -911 1908 -3262 3075 3974 -423 2918 1167 -3215 3559 -646 2357 3609 -4253 -72 1364 112 0 -220 254 -2637 -4511 -3035 -330 -1404 -4233 526 -4487 -764 1116 3522 3767 -2670 4220 -1023 1620 -1038 -2422 3263 -4362 -2233 
2624 4330 1551 718 290 -821 1757 -64 -660 -1656 -3739 3424 2802 -4477 -1158 1637 -2022 1428 2448 438 1816 -2675 123 -4634 4396 -2906 2289 3089 871 2139 -580 -1774 -3474 -220 0 3240 -3759 2146 -4598 -3624 3344 3208 1786 -4833 1865 195 -3154 -93 -3778 -47 1507 1412 3126 -3325 2458 3245 -2938 
-518 708 -2845 2264 1889 -3477 4214 4018 -2708 -4900 -1484 2811 2044 -2716 -2176 3233 -1278 -624 -4058 -1852 -2834 3838 -4652 4307 3047 -4223 -4708 -3307 1473 -1349 104 -1407 3218 254 3240 0 2340 450 4068 -4625 3796 2411 -2140 -265 -2803 -3604 3133 -4445 1434 2604 -4281 -1622 -1964 3387 3480 -2381 -1636 
-3872 1497 3178 2639 3876 2875 974 1848 4377 2351 1833 1520 302 -951 -4321 -846 385 2002 -105 -1573 20 -352 944 1132 -2616 -1695 -1400 3600 2467 856 -874 -2210 -4886 -2637 -3759 2340 0 -161 -1080 -3857 -1895 -3920 76 3339 -850 -208 -1890 -532 3395 4261 2515 2189 -1902 -4103 1977 -3634 -4244 
-3493 -4567 -937 1174 2008 -4145 -1558 2166 -2335 -791 3682 564 -3700 -2239 3542 -3935 430 -596 2267 -446 3774 3370 442 -2756 1316 3191 -15 3220 -1667 -3836 -3751 -4385 1947 -4511 2146 450 -161 0 3871 -4264 4361 -2918 3914 1716 2906 4404 3120 1340 -772 -2496 -275 -4044 -4063 -4574 -2971 -4809 3590 
-1872 4287 3045 -1440 -1957 -2572 3733 3756 -1367 -3671 -1423 -1444 4204 -4912 -865 -200 1993 -2510 4100 1015 2336 3943 -3269 334 -4183 -3375 -1118 -88 2953 -3883 1475 -3227 -3988 -3035 -4598 4068 -1080 3871 0 3052 4170 -4175 1780 -2165 3803 -4132 -3628 -2923 965 3325 4414 3998 -3820 -1817 -2728 -4261 -4506 
-3571 -454 -4684 -2061 274 1535 -4460 2207 -1343 -1566 -3102 -2873 -1992 -4934 -3083 0 -490 -679 -170 -1204 -4051 -3486 3457 1294 2716 1354 1145 -1601 2109 -1986 2883 -387 -2385 -330 -3624 -4625 -3857 -4264 3052 0 1762 -4544 129 1001 3725 -1859 1188 -3042 -1125 3546 3381 612 225 -2533 905 -3546 1128 
-302 -2910 -3842 2375 780 -981 3271 -1833 1705 2300 638 -3162 1609 -3680 -505 701 -2521 242 -542 1151 32 2944 -2361 2763 3032 1041 516 -3134 -908 -656 -1767 -1471 2842 -1404 3344 3796 -1895 4361 4170 1762 0 -2824 -1781 -3098 -3413 1802 4345 314 -393 -3783 2860 -2270 4092 3714 -180 -1478 2667 
-4084 330 -712 -1138 2772 2814 1097 3903 -285 -3176 -2781 -2560 -2339 -4668 3749 2510 2030 3528 -2997 -2722 -3582 1181 -1493 -754 -2884 4382 -768 -3720 3430 1218 -3468 -3309 248 -4233 3208 2411 -3920 -2918 -4175 -4544 -2824 0 1874 -4079 3293 3389 3276 919 148 -1268 3168 -4986 -522 56 4014 -2809 -3087 
-3027 -2135 -4853 -3845 -4229 -4130 -2445 4110 -574 -1649 -2105 -370 -3461 -2050 1244 107 -750 2577 -3862 0 -3361 -2679 -4936 3579 1421 -126 -4927 542 1853 3991 676 4161 -4294 526 1786 -2140 76 3914 1780 129 -1781 1874 0 -4817 -1231 -2317 1562 -2958 2849 -507 3580 -1524 177 -1059 4232 -2491 -2005 
-976 -1756 2102 -1034 -1577 -29 4427 4453 2748 3947 -80 -2686 -1182 -4738 -2295 -1878 494 -2605 -1848 -4093 4303 2218 3257 -3219 -404 -3445 -2765 165 3739 2384 3350 2707 658 -4487 -4833 -265 3339 1716 -2165 1001 -3098 -4079 -4817 0 -316 -484 -4516 2681 3933 -58 -3338 0 -2247 3982 4448 -294 -3078 
2488 -232 -2089 362 -1822 -4396 1861 2318 -4095 4324 3927 -4413 -1233 -3527 3165 1498 -880 3978 -3876 -1 -4592 3895 -4167 2304 -1802 -3184 -1609 3109 3476 1215 -4434 -11 1107 -764 1865 -2803 -850 2906 3803 3725 -3413 3293 -1231 -316 0 2544 -4966 -4440 3657 -4827 548 1348 -2775 -3195 3861 -1457 -4309 
-3652 2523 1814 -1003 2251 1928 -1952 -1671 3646 -1512 -2241 -1595 -4806 3330 1265 2401 2787 1545 3026 4061 -3983 -2864 2856 -205 -2081 2887 -1907 -2008 -1453 -4654 1322 -4959 1459 1116 195 -3604 -208 4404 -4132 -1859 1802 3389 -2317 -484 2544 0 3791 2566 1970 -4220 1076 44 -3602 1306 2442 -925 -630 
2066 283 -781 -3144 -1105 -4157 0 -2896 -1048 648 11 2820 -1417 3827 -2850 -4609 -3540 2631 1485 -808 3661 2478 -134 316 3625 682 3143 3484 -3065 -1053 1417 3500 878 3522 -3154 3133 -1890 3120 -3628 1188 4345 3276 1562 -4516 -4966 3791 0 2733 -802 1652 -3058 -1913 3310 380 -587 -1884 -1135 
1581 3453 -2702 1010 -687 -1628 -2478 -3533 203 -3206 2696 -3772 2799 -799 1582 -304 0 937 397 -3504 -4119 3612 -2326 -3706 -4578 4087 -3849 1834 3671 -2656 -3278 1345 -639 3767 -93 -4445 -532 1340 -2923 -3042 314 919 -2958 2681 -4440 2566 2733 0 -1843 -4997 -1246 -461 1937 4249 2920 466 -4277 
-2893 -3887 1406 -3612 -4764 1329 -4430 2838 4315 2422 961 -3955 -4210 -4839 3719 -3664 -3694 -1109 -2567 3254 368 -2310 -3181 -2994 3358 1902 -1253 324 -1225 185 4187 3934 1987 -2670 -3778 1434 3395 -772 965 -1125 -393 148 2849 3933 3657 1970 -802 -1843 0 3152 3667 -2944 -2031 -1020 3817 -154 -239 
577 -1766 1964 -2055 736 -1999 -2026 669 -2795 1922 1395 3418 2979 496 1676 -172 994 4035 2214 -4468 -4877 2186 -3658 -4463 3414 -3770 -4326 2239 -147 1226 -434 0 3087 4220 -47 2604 4261 -2496 3325 3546 -3783 -1268 -507 -58 -4827 -4220 1652 -4997 3152 0 -3239 487 -2037 3789 695 2896 -4725 
2552 1109 -996 -4638 4126 -2646 -1191 -3908 -4300 -4616 -1661 -4735 845 -1088 -4203 -4453 757 -4947 4390 1369 1733 -3151 4039 -3688 2835 -838 3353 4296 -3555 657 -1271 258 -2816 -1023 1507 -4281 2515 -275 4414 3381 2860 3168 3580 -3338 548 1076 -3058 -1246 3667 -3239 0 1263 -252 568 2614 510 716 
1444 1093 957 2330 2757 4384 1572 269 -1632 23 -3259 8 -4521 1775 -2952 -4991 2601 2646 -4187 -4332 -244 693 -558 2142 1455 211 -1013 726 1270 1233 -3056 -3253 -3069 1620 1412 -1622 2189 -4044 3998 612 -2270 -4986 -1524 0 1348 44 -1913 -461 -2944 487 1263 0 3964 1956 -889 -2771 3003 
1980 769 2892 2073 -1926 -347 -3806 -4823 -1389 521 2227 -2585 1792 426 -3392 1079 -2436 915 3709 0 -84 -3930 -405 -718 -1977 3813 412 -1677 -1555 608 -705 -2048 -4377 -1038 3126 -1964 -1902 -4063 -3820 225 4092 -522 177 -2247 -2775 -3602 3310 1937 -2031 -2037 -252 3964 0 -3424 3186 1912 1741 
3905 1255 -4849 1058 -3789 -2609 -2100 4412 4461 3102 -2406 3747 -3742 -4746 3851 3962 -2504 -4150 3504 -3329 980 -3507 -280 -610 2956 2474 1592 59 -828 2177 2713 -2651 -448 -2422 -3325 3387 -4103 -4574 -1817 -2533 3714 56 -1059 3982 -3195 1306 380 4249 -1020 3789 568 1956 -3424 0 1886 3688 -4896 
-1197 3069 143 -1177 -636 1935 -1785 2611 1567 -1165 3309 -135 -2467 -4547 -2543 -3340 -4673 35 -867 2416 -4722 2197 2989 751 -4312 -3724 -1931 1029 2321 -4922 -551 -1705 -730 3263 2458 3480 1977 -2971 -2728 905 -180 4014 4232 4448 3861 2442 -587 2920 3817 695 2614 -889 3186 1886 0 -3116 625 
3881 831 -415 2172 -3396 -1644 65 4150 -1749 2001 -1380 -1359 -4493 2674 1645 180 -3300 -3017 -2417 48 -2274 1881 -3681 2653 -1099 -368 2394 -3940 -3290 132 618 -3122 -3246 -4362 3245 -2381 -3634 -4809 -4261 -3546 -1478 -2809 -2491 -294 -1457 -925 -1884 466 -154 2896 510 -2771 1912 3688 -3116 0 2699 
3410 1381 3762 3318 169 3573 -3522 -215 -2122 -4068 3641 -1190 2739 -2129 -2469 -1046 -2598 4003 -3165 3697 -33 -3797 -2372 1701 -606 -2931 3508 3516 4267 2788 -4662 -1537 3200 -2233 -2938 -1636 -4244 3590 -4506 1128 2667 -3087 -2005 -3078 -4309 -630 -1135 -4277 -239 -4725 716 3003 1741 -4896 625 2699 0 

**************************************************************************************************************************************************************
ﺵﻧﹽﮦﻥﮒﻥﻟﹽ ﻡ ﮦﻧﻛﮒﻭﮔﻟﮞﻧﮞﮩ ﻗﺀﻧﻛﻥﻧﻙﻧ ﮪﻓﻠﻣﻓ.
1-ﹽ ﮦﮨﻭﻧﻡﻓ ﮦﻧﻛﮒﻭﮔﻟﮨ ﺅﻧﻭﹽﻛﻧﻡ ﻙﻭﻓﮪﻓ n ﻟ ﮩﻡﻓﻝﻳﻗﻓﮒﮨ ﻥﻓ ﻗﻓﻭﻟﻓﻥﮨ: 1 - ﻓﻣﻙﻧﻭﻟﮨﮞ ﮌﻭﻓﮦﻡﻓﻣﻓ, 2 - ﻓﻣﻙﻧﻭﻟﮨﮞ ﺵﻭﻟﮞﻓ. 
ﺡﻧ ﻗﻧﮨﻭﻧﮞ ﻗﻓﻭﻟﻓﻥﮨﮒ, ﻛﻧﺅﻧﻣﻥﻟﮨﮒﻣﮰﻥﻧ, ﻗ ﺅﮒﻭﻗﻧﻠ ﮦﮨﻭﻧﻡﮒ ﺊﮒﻭﮒﻝ ﺅﻭﻧﻕﮒﻣ ﻕﮩﻛﮒﮨ ﮩﻡﻓﻝﻓﻥ ﻥﻧﮞﮒﻭ ﮦﮨﻓﻭﮨﻧﻗﻧﻠ ﻗﮒﻭﺋﻟﻥﻳ ﺅﻧﮦﮨﻭﻧﮒﻥﻟﹽ ﻧﮦﮨﻧﻗﻓ (ﻥﮩﮞﮒﻭﻓﺉﻟﹽ ﮦ 1). 
ﺥﻓﻣﮒﮒ ﺅﻧﮦﮨﻭﻧﺊﻥﻧ ﺅﻭﻟﻗﻧﻛﻟﮨﮦﹽ ﮞﻓﮨﻭﻟﺉﻓ ﻗﮒﮦﻧﻗ ﻙﻭﻓﮪﻓ, ﻭﻓﻝﻛﮒﻣﻟﮨﮒﻣﮰ - ﺅﻭﻧﻕﮒﻣ, ﻗ ﻡﻧﮨﻧﻭﻧﻠ 0 ﻧﻝﻥﻓﺊﻓﮒﮨ ﻧﮨﮦﮩﮨﮦﮨﻗﻟﮒ ﻭﮒﻕﻭﻓ.
**************************************************************************************************************************************************************
ﺵﻧﹽﮦﻥﮒﻥﻟﹽ ﻡ ﮦﻧﻛﮒﻭﮔﻟﮞﻧﮞﮩ ﻗﻳﺀﻧﻛﻥﻧﻙﻧ ﮪﻓﻠﻣﻓ.
ﺫﮞﹽ ﮪﻓﻠﻣﻓ - ﮨﻓﻡﻧﮒ ﮔﮒ, ﮞﮒﻥﹽﮒﮨﮒ ﮨﻧﻣﮰﻡﻧ ﻭﻓﮦﺋﻟﻭﮒﻥﻟﮒ in ﻥﻓ out. 
ﺡ ﺅﮒﻭﻗﻧﻠ ﮦﮨﻭﻧﻡﮒ ﻗﻳﻗﻧﻛﻟﮞ ﻧﻕﻱﻟﻠ ﻗﮒﮦ ﺅﻧﻣﮩﺊﮒﻥﻥﻧﻙﻧ ﻧﮦﮨﻧﻗﻓ. 
ﺥﻓﻣﮒﮒ ﺅﻧﮦﮨﻭﻧﺊﻥﻧ ﻗﻳﻗﻧﻛﻟﮞ ﮞﻓﮨﻭﻟﺉﮩ ﻗﮒﮦﻧﻗ ﻧﮦﮨﻧﻗﻓ, ﻭﻓﻝﻛﮒﻣﻟﮨﮒﻣﮰ - ﻝﻓﺅﹽﮨﻓﹽ ﮦ ﺅﻭﻧﻕﮒﻣﻧﮞ. 
ﺡ ﺅﻧﮦﻣﮒﻛﻥﮒﻠ ﮦﮨﻭﻧﻡﮒ ﺅﮒﻭﮒﺊﻟﮦﻣﹽﮒﮞ ﻗ ﮪﻧﻭﮞﻓﮨﮒ (a, b), (c, d) ... ﻭﺕﻕﻭﻓ, ﻛﻧﻕﻓﻗﻣﮒﻥﻥﻳﮒ ﻗ ﻧﮦﮨﻧﻗ ﺅﻧ ﺀﻧﻛﮩ ﻭﻓﻕﻧﮨﻳ ﻓﻣﻙﻧﻭﻟﮨﮞﻓ. 
ﺵﻭﻟ ﻗﻳﻗﻧﻛﮒ ﻭﮒﻕﻭﻓ (a, b) ﺊﻟﮦﻣﻧ a ﻛﻧﻣﮔﻥﻧ ﻕﻳﮨﮰ ﮞﮒﻥﮰﺋﮒ b, ﻥﮩﮞﮒﻭﻓﺉﻟﹼ ﮦﻧﺀﻭﻓﻥﻟﮨﮰ ﮦ 1.
ﺹﮞﻧﮨﻭﻟﮨﮒ ﮨﻓﻡﮔﮒ ﮦﻙﮒﻥﮒﻭﻟﻭﻧﻗﻓﻥﻥﻳﮒ ﺅﻭﻟﮞﮒﻭﻳ ﻛﻣﹽ ﻧﻕﻧﻟﺀ ﻗﻓﻭﻟﻓﻥﮨﻧﻗ. 
**************************************************************************************************************************************************************
